220 303
0 -1922163 4325238
1 -1922249 4325243
2 -1922293 4325247
3 -1922299 4325204
4 -1922256 4325201
5 -1922337 4325253
6 -1922365 4325210
7 -1922307 4325160
8 -1922262 4325155
9 -1922180 4325148
10 -1922343 4325162
11 -1922312 4325120
12 -1922265 4325137
13 -1922271 4325097
14 -1922361 4325080
15 -1922275 4325084
16 -1922276 4325070
17 -1922194 4325061
18 -1922383 4325083
19 -1922374 4325128
20 -1922363 4325156
21 -1922367 4325253
22 -1922285 4325187
23 -1922304 4325179
24 -1922281 4325219
25 -1922295 4325230
26 -1922151 4325310
27 -1922174 4325312
28 -1922286 4325320
29 -1922293 4325286
30 -1922380 4325292
31 -1922390 4325259
32 -1922398 4325247
33 -1922402 4325208
34 -1922274 4325567
35 -1922229 4325564
36 -1922183 4325557
37 -1922225 4325593
38 -1922188 4325530
39 -1922178 4325528
40 -1922179 4325504
41 -1922146 4325473
42 -1922158 4325511
43 -1922122 4325554
44 -1922138 4325502
45 -1922111 4325497
46 -1922198 4325495
47 -1922152 4325458
48 -1922172 4325459
49 -1922267 4325474
50 -1922295 4325355
51 -1922171 4325339
52 -1922146 4325336
53 -1922123 4325336
54 -1922119 4325353
55 -1922201 4325259
56 -1922176 4325287
57 -1922194 4325309
58 -1922021 4325326
59 -1922090 4325331
60 -1922070 4325439
61 -1922005 4325432
62 -1922033 4325436
63 -1922039 4325414
64 -1922243 4325199
65 -1922204 4325196
66 -1922171 4325193
67 -1922232 4325112
68 -1922381 4325156
69 -1922419 4325140
70 -1922409 4325198
71 -1922449 4325175
72 -1922434 4325181
73 -1922437 4325138
74 -1922433 4325168
75 -1922451 4325163
76 -1922511 4325088
77 -1922462 4325087
78 -1922460 4325097
79 -1922465 4325077
80 -1922422 4325073
81 -1922403 4325083
82 -1922420 4325030
83 -1922412 4325029
84 -1922365 4325025
85 -1922357 4325064
86 -1922283 4325029
87 -1922272 4325030
88 -1922296 4325255
89 -1922290 4325275
90 -1922384 4325282
91 -1922428 4325286
92 -1922439 4325258
93 -1922155 4325271
94 -1922108 4325294
95 -1922096 4325288
96 -1922044 4325327
97 -1922187 4325099
98 -1922107 4325094
99 -1922102 4325109
100 -1922108 4325091
101 -1922367 4325012
102 -1922286 4325019
103 -1922288 4325005
104 -1922289 4324996
105 -1922260 4324988
106 -1922294 4324972
107 -1922242 4324986
108 -1922238 4325005
109 -1922202 4325003
110 -1922207 4324988
111 -1922194 4324965
112 -1922208 4324962
113 -1922248 4324965
114 -1922252 4324981
115 -1922339 4324973
116 -1922340 4324958
117 -1922361 4325002
118 -1922376 4325002
119 -1922415 4325015
120 -1922422 4324981
121 -1922335 4324958
122 -1922294 4324967
123 -1922215 4324927
124 -1922187 4324924
125 -1922115 4324920
126 -1922104 4324924
127 -1922084 4324921
128 -1922219 4324913
129 -1922276 4324919
130 -1922346 4324925
131 -1922475 4324990
132 -1922480 4324970
133 -1922471 4324970
134 -1922454 4324981
135 -1922484 4324939
136 -1922543 4324941
137 -1922532 4325014
138 -1922497 4324992
139 -1922499 4325003
140 -1922528 4325038
141 -1922555 4325041
142 -1922303 4325459
143 -1922533 4325210
144 -1922522 4324940
145 -1922525 4324933
146 -1922285 4324856
147 -1922291 4324857
148 -1922327 4324823
149 -1922391 4324855
150 -1922375 4324814
151 -1922425 4324820
152 -1922296 4324807
153 -1922330 4324810
154 -1922405 4324776
155 -1922238 4324801
156 -1922448 4324778
157 -1922439 4324744
158 -1922461 4324710
159 -1922458 4324744
160 -1922434 4324707
161 -1922367 4324704
162 -1922257 4324692
163 -1922563 4324830
164 -1922603 4324851
165 -1922553 4324885
166 -1922526 4324882
167 -1922516 4324884
168 -1922536 4324827
169 -1922124 4324792
170 -1922123 4324799
171 -1922106 4324790
172 -1922103 4324767
173 -1922189 4324798
174 -1922188 4324806
175 -1922226 4324864
176 -1922214 4324863
177 -1922255 4324853
178 -1922244 4324866
179 -1922247 4324831
180 -1922233 4324829
181 -1922166 4325059
182 -1922195 4325041
183 -1922168 4325037
184 -1922159 4325006
185 -1922162 4324990
186 -1922075 4324983
187 -1922066 4325051
188 -1922064 4325204
189 -1922128 4325221
190 -1922145 4325223
191 -1922150 4325191
192 -1922142 4325247
193 -1922160 4325250
194 -1922034 4325202
195 -1922230 4325162
196 -1922219 4325233
197 -1922217 4325243
198 -1922232 4325153
199 -1922204 4325242
200 -1922018 4325372
201 -1921989 4325542
202 -1922149 4325149
203 -1922312 4324808
204 -1922315 4324784
205 -1922286 4324694
206 -1922287 4324684
207 -1922218 4324688
208 -1922221 4324672
209 -1922108 4324680
210 -1922179 4324685
211 -1922197 4324550
212 -1922203 4324508
213 -1922216 4324506
214 -1922103 4324500
215 -1922151 4324504
216 -1922108 4324456
217 -1922106 4324542
218 -1922107 4324662
219 -1922209 4324467
  
0 193 
0 199 
0 66 
1 197 
1 2 
1 24 
1 4 
2 5 
2 25 
2 88 
3 4 
3 5 
3 6 
3 10 
3 22 
3 23 
3 24 
3 25 
4 64 
4 8 
4 24 
4 22 
5 21 
6 21 
6 33 
6 20 
6 68 
7 23 
7 10 
7 11 
7 8 
8 198 
8 23 
8 12 
8 11 
9 198 
9 66 
9 202 
9 97
10 11
10 20
10 23
11 14 
11 15 
12 13 
12 67 
13 15 
13 67 
14 16 
14 18 
14 85 
15 16 
16 17 
16 86 
17 97 
17 181 
17 182 
17 183 
18 19 
18 81 
19 20 
19 69 
20 68 
21 31 
21 32 
22 23 
24 25 
26 27 
26 53 
26 56 
26 93 
27 28 
27 56 
27 57 
27 51 
28 29 
28 50 
28 57 
29 30 
29 89 
30 90 
31 32 
31 90 
33 70 
34 35 
34 142 
35 36 
35 37 
36 38 
36 43 
38 39 
38 46 
39 40 
39 42 
40 41 
41 42 
41 44 
41 45 
41 47 
42 44 
43 44 
43 201 
44 45 
46 48 
46 49 
47 48 
47 51 
47 60 
49 50 
51 52 
52 53 
53 54 
53 59 
55 93 
55 199 
56 93 
58 96 
58 194 
58 200 
59 60 
59 96 
60 62 
61 62 
61 200 
61 201 
62 63 
65 66 
66 191 
69 73 
71 74 
71 75 
72 74 
73 74 
74 75 
76 140 
76 143 
77 78 
77 79 
77 81 
79 80 
81 82 
82 83 
83 84 
83 119 
84 101 
84 102 
86 87 
86 102 
90 91 
91 92 
93 94 
93 193 
94 95 
94 96 
97 98 
98 99 
98 100 
101 103 
101 117 
101 118 
101 119 
102 103 
103 104 
104 105 
104 106 
104 115 
105 106 
105 107 
105 108 
105 114 
106 113 
106 115 
106 122 
108 109 
109 110 
109 182 
110 112 
110 185 
111 112 
112 113 
112 123 
113 114 
115 116 
115 117 
115 120 
116 121 
116 130 
117 118 
118 120 
119 120 
120 131 
120 133 
123 124 
123 128 
124 125 
125 126 
126 127 
127 186 
127 171 
128 129 
128 175 
129 130 
129 146 
130 135 
131 132 
131 134 
131 138 
131 139 
132 133 
132 135 
135 144 
136 137 
136 144 
136 165 
137 139 
137 140 
138 139 
140 141 
142 143 
144 145 
146 147 
146 152 
148 153 
149 150 
149 151 
150 151 
150 153 
150 154 
151 154 
151 156 
151 168 
152 155 
152 203 
153 203 
154 157 
154 161 
155 162 
155 173 
155 180 
156 157 
156 159 
157 158 
157 159 
158 159 
158 160 
159 160 
160 161 
161 205 
162 205 
162 207 
163 164 
163 165 
163 168 
165 166 
166 167 
168 166 
169 170 
169 171 
169 173 
171 172 
172 209 
173 174 
175 176 
175 178 
175 180 
177 178 
177 179 
179 180 
181 183 
181 187 
182 183 
184 185 
185 186 
186 187 
187 194 
188 194 
189 190 
190 191 
190 192 
192 193 
195 198 
196 197 
197 199 
202 9 
203 204 
205 206 
207 208 
207 210 
209 210 
209 218 
210 211 
211 212 
211 215 
211 217 
212 213 
212 215 
212 219 
214 215 
214 216 
214 217 
215 216 
216 219 
217 218